ORIG_FID,VisSpp1,VisCov1,VisSpp2,VisCov2,VisSpp3,VisCov3,VisSpp4,VisCov4,VisSpp5,VisCov5,CovDry,CovWat,CovEpiAlg,PatchLen,PatchWid,Location,PositionIn,Preassigne,MatDensity,DepToSAV,Secchi,ScAtBot,Date,Time,Latitude,Longitude,Comments,RkTthCov,RkSpp1,RkCov1,RkSpp2,RkCov2,RkSpp3,RkCov3,RkSpp4,RkCov4,RkSpp5,RkCov5
1,Egeria,1.00,,0.00,,0.00,,0.00,,0.00,0.00,0.00,0.00,L (10-15m),L (10-15m),center,Center,No,High,6.0,6.0,No,7/21/2020,01:50:15pm,37.986458343,-121.526425333,,0.10,Egeria,1.00,,0.00,,0.00,,0.00,,0.00
2,Egeria,0.50,Coontail,0.50,,0.00,,0.00,,0.00,0.00,0.00,1.00,XL (>15m),XL (>15m),center,Center,No,High,2.0,6.0,No,7/21/2020,01:41:21pm,37.986720464,-121.529051547,,1.00,Coontail,0.80,Egeria,0.20,,0.00,,0.00,,0.00
3,Coontail,0.80,Egeria,0.20,,0.00,,0.00,,0.00,0.00,0.00,0.00,L (10-15m),L (10-15m),center,Center,No,High,7.5,7.5,No,7/21/2020,01:31:30pm,37.991546328,-121.524919966,,0.60,Coontail,0.80,Egeria,0.20,,0.00,,0.00,,0.00
4,Egeria,0.60,Coontail,0.40,,0.00,,0.00,,0.00,0.00,0.00,0.00,L (10-15m),L (10-15m),center,Center,No,High,6.5,6.5,No,7/21/2020,01:13:32pm,37.996861414,-121.517904133,,0.80,Egeria,0.60,Coontail,0.40,,0.00,,0.00,,0.00
5,Coontail,1.00,,0.00,,0.00,,0.00,,0.00,0.00,0.00,0.00,L (10-15m),L (10-15m),center,Center,No,High,7.0,7.0,No,7/21/2020,01:02:58pm,37.998233877,-121.518834608,,0.50,Coontail,1.00,,0.00,,0.00,,0.00,,0.00
6,Egeria,0.90,Coontail,0.10,,0.00,,0.00,,0.00,0.00,0.00,0.00,L (10-15m),L (10-15m),center,Center,No,High,7.0,7.5,No,7/21/2020,12:57:21pm,37.999399927,-121.519365143,,0.50,Egeria,0.90,Coontail,0.10,,0.00,,0.00,,0.00
7,Coontail,0.50,Egeria,0.50,,0.00,,0.00,,0.00,0.00,0.00,0.00,XL (>15m),L (10-15m),center,Center,No,High,3.0,4.0,No,7/21/2020,12:52:15pm,37.999953182,-121.519549054,,1.00,Egeria,1.00,,0.00,,0.00,,0.00,,0.00
8,Egeria,1.00,,0.00,,0.00,,0.00,,0.00,0.00,0.00,1.00,XL (>15m),S (3-5m),center,Center,No,High,1.0,6.0,No,7/21/2020,12:44:32pm,37.997790140,-121.513953405,,1.00,Egeria,1.00,,0.00,,0.00,,0.00,,0.00
9,Egeria,1.00,,0.00,,0.00,,0.00,,0.00,0.00,0.00,0.00,M (5-10m),M (5-10m),center,Center,Yes,High,3.0,3.0,No,7/21/2020,12:33:58pm,37.994306164,-121.511083325,,0.40,Egeria,1.00,,0.00,,0.00,,0.00,,0.00
10,Egeria,0.50,Coontail,0.50,,0.00,,0.00,,0.00,0.00,0.00,0.00,XL (>15m),L (10-15m),center,Center,No,High,6.0,6.0,No,7/21/2020,11:53:30am,38.007827974,-121.512068760,,1.00,Egeria,0.50,Coontail,0.50,,0.00,,0.00,,0.00
11,Egeria,1.00,,0.00,,0.00,,0.00,,0.00,0.00,0.00,0.00,L (10-15m),L (10-15m),center,Center,No,High,4.0,5.0,No,7/21/2020,11:46:09am,38.008014443,-121.510573394,,0.50,Egeria,1.00,,0.00,,0.00,,0.00,,0.00
12,Egeria,1.00,,0.00,,0.00,,0.00,,0.00,0.00,0.00,0.00,L (10-15m),L (10-15m),center,Center,No,High,4.0,5.0,No,7/21/2020,11:42:09am,38.008822879,-121.510841780,,0.70,Egeria,1.00,,0.00,,0.00,,0.00,,0.00
13,Egeria,1.00,,0.00,,0.00,,0.00,,0.00,0.00,0.00,0.00,L (10-15m),L (10-15m),center,Center,No,High,4.0,5.0,Yes,7/21/2020,11:38:27am,38.009326104,-121.511267204,,1.00,Egeria,1.00,,0.00,,0.00,,0.00,,0.00
14,Egeria,1.00,,0.00,,0.00,,0.00,,0.00,0.00,0.00,0.00,L (10-15m),L (10-15m),center,Center,No,High,4.0,5.0,Yes,7/21/2020,11:19:09am,38.009462094,-121.513202906,,0.20,Egeria,1.00,,0.00,,0.00,,0.00,,0.00
15,Egeria,1.00,,0.00,,0.00,,0.00,,0.00,0.00,0.00,0.50,M (5-10m),M (5-10m),center,Center,Yes,High,1.0,6.5,No,7/21/2020,11:10:23am,38.008599308,-121.514270173,,0.70,Egeria,1.00,,0.00,,0.00,,0.00,,0.00
16,Egeria,1.00,Egeria,1.00,,0.00,,0.00,,0.00,0.00,0.00,0.00,S (3-5m),S (3-5m),center,Center,Yes,High,1.5,2.5,Yes,7/21/2020,10:59:18am,38.021770774,-121.519125853,,0.50,Egeria,1.00,,0.00,,0.00,,0.00,,0.00
17,Watermilfoil,0.50,Egeria,0.50,,0.00,,0.00,,0.00,0.00,0.00,0.50,XL (>15m),S (3-5m),center,Center,No,High,0.5,4.0,No,7/21/2020,10:21:22am,38.048745263,-121.523746961,,0.50,Egeria,1.00,,0.00,,0.00,,0.00,,0.00
18,Egeria,1.00,,0.00,,0.00,,0.00,,0.00,0.00,0.00,0.70,XL (>15m),M (5-10m),center,Center,Yes,High,1.5,4.0,No,7/21/2020,10:13:27am,38.045425010,-121.527561544,,0.50,Egeria,1.00,,0.00,,0.00,,0.00,,0.00
19,Watermilfoil,0.60,Egeria,0.30,Cabomba,0.10,,0.00,,0.00,0.00,0.00,0.00,XL (>15m),XL (>15m),center,Center,Yes,High,0.0,4.0,No,7/21/2020,09:55:33am,38.052327255,-121.529118920,,1.00,Egeria,0.70,Watermilfoil,0.30,,0.00,,0.00,,0.00
20,CrlLf_pondweed,0.90,Watermilfoil,0.10,,0.00,,0.00,,0.00,0.00,0.00,0.70,L (10-15m),L (10-15m),center,Center,No,High,2.0,5.0,No,7/21/2020,09:47:24am,38.053307149,-121.527355583,,0.80,Curlyleaf,1.00,,0.00,,0.00,,0.00,,0.00
21,Watermilfoil,1.00,Egeria,0.00,,0.00,,0.00,,0.00,0.00,0.50,0.50,XL (>15m),M (5-10m),center,Center,No,High,1.0,5.5,No,7/21/2020,09:41:47am,38.052727269,-121.527871814,,0.40,Egeria,0.90,Watermilfoil,0.10,,0.00,,0.00,,0.00
22,Cabomba,1.00,Coontail,0.00,,0.00,,0.00,,0.00,0.00,0.00,1.00,XL (>15m),XL (>15m),center,Center,No,High,4.0,4.0,No,7/21/2020,09:16:00am,38.046205522,-121.528060833,,0.50,Algae,0.90,Coontail,0.10,,0.00,,0.00,,0.00
23,Coontail,0.50,Rich_pondweed,0.50,Elodea,0.00,,0.00,,0.00,0.00,0.00,1.00,XL (>15m),XL (>15m),center,Center,No,High,1.0,4.0,No,7/22/2020,12:26:11pm,38.050445219,-121.638927489,,1.00,Elodea,0.40,Rich_pondweed,0.40,Coontail,0.20,,0.00,,0.00
24,Rich_pondweed,0.50,Elodea,0.30,Egeria,0.10,Coontail,0.10,,0.00,0.00,0.00,1.00,XL (>15m),XL (>15m),center,Center,No,High,0.0,5.0,No,7/22/2020,12:17:04pm,38.048143150,-121.635216790,,1.00,Rich_pondweed,0.60,Coontail,0.40,,0.00,,0.00,,0.00
25,Elodea,0.90,Coontail,0.10,,0.00,,0.00,,0.00,0.00,0.00,1.00,XL (>15m),XL (>15m),center,Center,No,High,5.5,5.5,No,7/22/2020,11:43:56am,38.039398518,-121.625683607,,0.50,Elodea,0.90,Coontail,0.10,,0.00,,0.00,,0.00
26,Rich_pondweed,0.70,Sago_pondweed,0.30,Elodea,0.00,,0.00,,0.00,0.00,0.00,1.00,XL (>15m),XL (>15m),center,Center,No,High,2.0,5.0,No,7/22/2020,11:20:33am,38.038580211,-121.608640445,,1.00,Rich_pondweed,0.90,Elodea,0.10,,0.00,,0.00,,0.00
27,Am_pondweed,0.30,Egeria,0.20,Coontail,0.20,CrlLf_pondweed,0.20,,0.00,0.00,0.00,0.00,XL (>15m),XL (>15m),center,Center,No,High,0.0,5.5,No,7/23/2020,12:46:56pm,38.244748535,-121.680937148,sav canopy very deep,1.00,Am_pondweed,0.30,Egeria,0.20,Coontail,0.20,Curlyleaf,0.20,Unknown,0.20
28,CrlLf_pondweed,1.00,Coontail,0.00,,0.00,,0.00,,0.00,0.00,0.00,0.30,XL (>15m),XL (>15m),center,Center,No,High,0.5,3.5,No,7/23/2020,12:41:45pm,38.247787028,-121.679008347,,1.00,Curlyleaf,0.80,Coontail,0.20,,0.00,,0.00,,0.00
29,CrlLf_pondweed,1.00,,0.00,,0.00,,0.00,,0.00,0.00,0.00,1.00,XL (>15m),XL (>15m),center,Center,No,High,2.0,3.0,No,7/23/2020,12:35:09pm,38.251050293,-121.683839048,,1.00,Curlyleaf,1.00,,0.00,,0.00,,0.00,,0.00
30,CrlLf_pondweed,0.90,S_naiad,0.10,,0.00,,0.00,,0.00,0.00,0.00,0.00,XL (>15m),XL (>15m),center,Center,No,High,0.0,4.0,No,7/23/2020,12:27:45pm,38.257753311,-121.680044568,sav canopy very deep,1.00,Curlyleaf,0.90,S_naiad,0.10,,0.00,,0.00,,0.00
31,S_naiad,1.00,CrlLf_pondweed,0.00,,0.00,,0.00,,0.00,0.00,0.00,1.00,XL (>15m),XL (>15m),center,Center,No,High,2.0,3.5,No,7/23/2020,12:20:31pm,38.268079469,-121.685808733,,1.00,S_naiad,0.60,Curlyleaf,0.40,,0.00,,0.00,,0.00
32,S_naiad,0.70,Elodea,0.20,CrlLf_pondweed,0.10,,0.00,,0.00,0.00,0.00,0.00,XL (>15m),XL (>15m),center,Center,No,High,0.0,1.5,No,7/23/2020,12:12:06pm,38.268990672,-121.676822149,,1.00,S_naiad,0.70,Elodea,0.20,Curlyleaf,0.10,,0.00,,0.00
33,S_naiad,1.00,,0.00,,0.00,,0.00,,0.00,0.00,0.00,0.00,XL (>15m),XL (>15m),center,Center,No,High,2.0,3.5,No,7/23/2020,12:02:08pm,38.275800067,-121.690846134,,0.50,S_naiad,1.00,,0.00,,0.00,,0.00,,0.00
34,Am_pondweed,0.50,S_naiad,0.00,,0.00,,0.00,,0.00,0.00,0.00,0.90,L (10-15m),L (10-15m),center,Center,No,High,0.0,2.5,No,7/23/2020,11:53:01am,38.280590838,-121.682530614,,0.40,Am_pondweed,0.50,S_naiad,0.50,,0.00,,0.00,,0.00
35,S_naiad,1.00,,0.00,,0.00,,0.00,,0.00,0.00,0.00,1.00,XL (>15m),XL (>15m),center,Center,No,High,1.0,2.5,No,7/23/2020,11:46:42am,38.282506046,-121.676680293,,1.00,S_naiad,1.00,,0.00,,0.00,,0.00,,0.00
36,S_naiad,1.00,,0.00,,0.00,,0.00,,0.00,0.00,0.00,1.00,XL (>15m),XL (>15m),center,Center,No,High,1.5,2.0,No,7/23/2020,11:40:09am,38.289069860,-121.679385696,,1.00,S_naiad,1.00,,0.00,,0.00,,0.00,,0.00
37,S_naiad,1.00,,0.00,,0.00,,0.00,,0.00,0.00,0.00,0.00,XL (>15m),XL (>15m),center,Center,No,High,0.0,2.0,No,7/23/2020,11:33:05am,38.287644660,-121.687626022,sav canopy very deep,1.00,S_naiad,0.00,,0.00,,0.00,,0.00,,0.00
38,S_naiad,0.90,Watermilfoil,0.10,,0.00,,0.00,,0.00,0.00,0.00,0.00,XL (>15m),XL (>15m),center,Center,No,High,0.0,2.5,No,7/23/2020,11:12:58am,38.295467453,-121.679630024,sav canopy very deep,1.00,S_naiad,0.90,Watermilfoil,0.10,,0.00,,0.00,,0.00
39,Watermilfoil,1.00,Coontail,0.00,,0.00,,0.00,,0.00,0.00,0.00,1.00,XL (>15m),XL (>15m),center,Center,No,High,1.0,1.5,No,7/23/2020,10:47:13am,38.307017441,-121.678338759,,0.50,Coontail,0.50,Watermilfoil,0.50,,0.00,,0.00,,0.00
40,Watermilfoil,0.90,S_naiad,0.10,,0.00,,0.00,,0.00,0.00,0.00,1.00,XL (>15m),XL (>15m),center,Center,No,High,0.5,2.0,No,7/23/2020,10:20:20am,38.314789687,-121.677652558,,1.00,Watermilfoil,0.90,S_naiad,0.10,,0.00,,0.00,,0.00
41,Watermilfoil,1.00,,0.00,,0.00,,0.00,,0.00,0.00,0.00,1.00,XL (>15m),XL (>15m),range-finder,Center,No,High,0.5,2.5,No,7/23/2020,09:27:54am,38.312038819,-121.670146124,,1.00,Watermilfoil,1.00,,0.00,,0.00,,0.00,,0.00
42,Egeria,1.00,,0.00,,0.00,,0.00,,0.00,0.00,0.00,0.00,XL (>15m),S (3-5m),center,Center,Yes,High,0.0,3.5,No,7/28/2020,01:57:13pm,37.830740932,-121.549912779,sav canopy deep and sparse,0.40,Egeria,1.00,,0.00,,0.00,,0.00,,0.00
43,Watermilfoil,0.80,Sago_pondweed,0.20,CrlLf_pondweed,0.00,,0.00,,0.00,0.00,0.00,1.00,XL (>15m),M (5-10m),center,Center,No,High,1.0,1.5,No,7/28/2020,01:33:10pm,37.840506113,-121.539878552,,0.40,Sago,0.90,Curlyleaf,0.10,,0.00,,0.00,,0.00
44,Watermilfoil,0.90,Egeria,0.10,,0.00,,0.00,,0.00,0.00,0.00,1.00,XL (>15m),M (5-10m),center,Center,No,High,0.5,3.0,No,7/28/2020,01:20:18pm,37.850890111,-121.542122855,,1.00,Egeria,1.00,,0.00,,0.00,,0.00,,0.00
45,Egeria,0.60,Coontail,0.30,Watermilfoil,0.10,,0.00,,0.00,0.00,0.00,1.00,XL (>15m),L (10-15m),center,Center,No,High,1.5,3.5,No,7/28/2020,01:14:13pm,37.857238482,-121.541522810,,1.00,Egeria,0.90,Coontail,0.10,,0.00,,0.00,,0.00
46,Watermilfoil,0.80,Egeria,0.20,Coontail,0.00,,0.00,,0.00,0.00,0.00,1.00,XL (>15m),XL (>15m),center,Center,Yes,High,1.0,4.0,Yes,7/28/2020,12:25:25pm,37.860355248,-121.576129584,,1.00,Coontail,0.80,Egeria,0.20,,0.00,,0.00,,0.00
47,Coontail,0.90,Egeria,0.10,,0.00,,0.00,,0.00,0.00,0.00,0.00,XL (>15m),XL (>15m),center,Center,No,High,3.0,5.0,No,7/28/2020,12:17:44pm,37.862033247,-121.574466385,,1.00,Coontail,0.90,Egeria,0.10,,0.00,,0.00,,0.00
48,Cabomba,1.00,,0.00,,0.00,,0.00,,0.00,0.00,0.00,0.00,XL (>15m),XL (>15m),center,Center,No,High,0.0,5.0,No,7/28/2020,11:55:59am,37.857604909,-121.576569397,sav canopy deep,1.00,Cabomba,1.00,,0.00,,0.00,,0.00,,0.00
49,Egeria,0.80,Coontail,0.20,,0.00,,0.00,,0.00,0.00,0.00,0.00,XL (>15m),S (3-5m),center,Center,Yes,High,2.0,2.5,No,7/28/2020,10:33:02am,37.959755337,-121.563936708,,1.00,Egeria,1.00,,0.00,,0.00,,0.00,,0.00
50,Coontail,1.00,Egeria,0.00,,0.00,,0.00,,0.00,0.00,0.00,0.00,L (10-15m),L (10-15m),center,Center,No,High,0.0,4.5,No,7/28/2020,10:19:49am,37.956810539,-121.573264853,sav canopy very deep,0.80,Coontail,1.00,Egeria,0.00,,0.00,,0.00,,0.00
51,Am_pondweed,0.40,Sago_pondweed,0.30,CrlLf_pondweed,0.30,,0.00,,0.00,0.00,0.00,0.30,L (10-15m),L (10-15m),center,Center,No,High,0.0,3.5,No,7/28/2020,09:08:27am,37.920954250,-121.557974929,,0.60,Am_pondweed,0.30,Curlyleaf,0.30,Egeria,0.30,,0.00,,0.00
52,Elodea,0.40,S_naiad,0.30,Coontail,0.20,Egeria,0.10,,0.00,0.00,0.00,1.00,XL (>15m),XL (>15m),center,Center,No,High,3.0,7.0,No,7/29/2020,12:54:02pm,38.036876359,-121.618872119,,1.00,Elodea,0.40,S_naiad,0.30,Coontail,0.20,Egeria,0.10,,0.00
53,S_naiad,0.90,Elodea,0.10,,0.00,,0.00,,0.00,0.00,0.00,1.00,XL (>15m),XL (>15m),center,Center,No,High,4.0,7.5,No,7/29/2020,12:46:40pm,38.045195552,-121.625977119,,0.80,S_naiad,0.90,Elodea,0.10,,0.00,,0.00,,0.00
54,Rich_pondweed,1.00,,0.00,,0.00,,0.00,,0.00,0.00,0.00,1.00,XL (>15m),XL (>15m),center,Center,No,High,4.0,7.0,No,7/29/2020,12:30:40pm,38.042914994,-121.618461848,,1.00,Rich_pondweed,1.00,,0.00,,0.00,,0.00,,0.00
55,Elodea,0.40,Coontail,0.40,Egeria,0.10,S_naiad,0.10,,0.00,0.00,0.00,0.00,XL (>15m),XL (>15m),center,Center,No,High,0.0,7.0,No,7/29/2020,12:21:23pm,38.037001592,-121.609893553,sav canopy very deep,1.00,Elodea,0.40,Coontail,0.40,Egeria,0.10,S_naiad,0.10,,0.00
56,Rich_pondweed,1.00,Sago_pondweed,0.10,,0.00,,0.00,,0.00,0.00,0.00,0.00,XL (>15m),S (3-5m),center,Center,No,High,0.0,7.5,No,7/29/2020,12:03:13pm,38.029853931,-121.607766735,sav canopy very deep,0.80,Rich_pondweed,1.00,Sago,0.10,,0.00,,0.00,,0.00
57,Rich_pondweed,1.00,Sago_pondweed,0.00,,0.00,,0.00,,0.00,0.00,0.00,1.00,XL (>15m),XL (>15m),center,Center,Yes,High,1.5,6.5,No,7/29/2020,11:55:16am,38.027747637,-121.600251818,,1.00,Rich_pondweed,1.00,Sago,0.10,,0.00,,0.00,,0.00
58,Rich_pondweed,0.60,Coontail,0.40,,0.00,,0.00,,0.00,0.00,0.00,1.00,XL (>15m),XL (>15m),center,Center,No,High,0.0,4.0,No,7/29/2020,11:38:58am,38.023254779,-121.602413107,,1.00,Algae,0.80,Rich_pondweed,0.20,,0.00,,0.00,,0.00
59,Rich_pondweed,0.60,Coontail,0.40,,0.00,,0.00,,0.00,0.00,0.00,1.00,XL (>15m),XL (>15m),center,Center,No,High,4.0,7.0,No,7/29/2020,11:23:06am,38.035836495,-121.591151357,,1.00,Rich_pondweed,0.60,Coontail,0.40,,0.00,,0.00,,0.00
60,Egeria,1.00,,0.00,,0.00,,0.00,,0.00,0.00,0.00,0.00,L (10-15m),S (3-5m),center,Center,Yes,High,4.0,5.0,Yes,7/29/2020,11:12:11am,38.032719375,-121.580568769,,0.40,Egeria,0.00,,0.00,,0.00,,0.00,,0.00
61,Elodea,0.90,Rich_pondweed,0.10,,0.00,,0.00,,0.00,0.00,0.00,1.00,XL (>15m),XL (>15m),center,Center,No,High,4.0,7.5,No,7/29/2020,10:32:59am,38.051176726,-121.592758627,,0.50,Elodea,0.90,Rich_pondweed,0.10,,0.00,,0.00,,0.00
62,Egeria,1.00,,0.00,,0.00,,0.00,,0.00,0.00,0.00,1.00,XL (>15m),L (10-15m),center,Center,Yes,High,3.0,6.5,No,7/29/2020,10:17:46am,38.060139419,-121.585270974,,1.00,Egeria,1.00,,0.00,,0.00,,0.00,,0.00
63,Rich_pondweed,1.00,S_naiad,0.00,Egeria,0.00,,0.00,,0.00,0.00,0.00,1.00,XL (>15m),XL (>15m),center,Center,No,High,3.0,6.5,No,7/29/2020,10:05:55am,38.057074481,-121.594959367,,1.00,Rich_pondweed,0.70,S_naiad,0.20,Egeria,0.10,,0.00,,0.00
64,Coontail,0.70,Sago_pondweed,0.20,Elodea,0.10,Rich_pondweed,0.10,Egeria,0.10,0.00,0.00,1.00,XL (>15m),XL (>15m),center,Center,No,High,2.5,7.5,No,7/29/2020,09:45:11am,38.047947705,-121.601635526,,1.00,Coontail,0.70,Egeria,0.10,Elodea,0.10,Rich_pondweed,0.10,,0.00
65,Sago_pondweed,0.40,Rich_pondweed,0.30,Coontail,0.10,Elodea,0.10,S_naiad,0.10,0.00,0.00,1.00,XL (>15m),XL (>15m),center,Center,Yes,High,2.5,7.5,No,7/29/2020,09:35:39am,38.055424242,-121.602552130,,1.00,Coontail,0.50,Elodea,0.30,S_naiad,0.20,,0.00,,0.00
66,Sago_pondweed,0.50,Rich_pondweed,0.50,,0.00,,0.00,,0.00,0.00,0.00,0.90,XL (>15m),XL (>15m),center,Center,No,High,2.0,4.5,No,7/29/2020,08:48:29am,38.050300982,-121.613182893,,1.00,Rich_pondweed,0.80,Sago,0.20,,0.00,,0.00,,0.00
67,Rich_pondweed,1.00,,0.00,,0.00,,0.00,,0.00,0.00,0.00,1.00,XL (>15m),XL (>15m),center,Center,No,High,0.0,5.5,No,7/29/2020,08:39:04am,38.038289636,-121.604289996,,1.00,Rich_pondweed,0.00,,0.00,,0.00,,0.00,,0.00
68,Egeria,0.90,Coontail,0.10,,0.00,,0.00,,0.00,0.00,0.00,0.50,L (10-15m),L (10-15m),center,Center,No,High,4.0,4.5,No,7/30/2020,08:12:48am,38.236283464,-121.497334134,,0.60,Egeria,0.90,Coontail,0.10,,0.00,,0.00,,0.00
69,CrlLf_pondweed,0.70,Watermilfoil,0.30,Egeria,0.00,,0.00,,0.00,0.00,0.30,0.00,L (10-15m),M (5-10m),center,Center,No,High,0.0,2.0,Yes,7/30/2020,12:05:05pm,38.263801730,-121.498601423,,0.80,Curlyleaf,0.90,Egeria,0.10,,0.00,,0.00,,0.00
70,Egeria,0.80,Watermilfoil,0.10,Coontail,0.10,,0.00,,0.00,0.00,0.00,0.00,XL (>15m),XL (>15m),center,Center,No,High,0.0,3.0,No,7/30/2020,11:53:09am,38.250613735,-121.506228589,,1.00,Egeria,0.50,Coontail,0.50,,0.00,,0.00,,0.00
71,Egeria,0.70,Cabomba,0.30,,0.00,,0.00,,0.00,0.00,0.00,1.00,XL (>15m),L (10-15m),center,Center,No,High,0.5,2.0,Yes,7/30/2020,11:45:13am,38.253583273,-121.499238416,,1.00,Egeria,1.00,,0.00,,0.00,,0.00,,0.00
72,Coontail,0.50,Watermilfoil,0.50,Egeria,0.00,,0.00,,0.00,0.00,0.20,1.00,XL (>15m),XL (>15m),center,Center,No,High,0.0,3.5,No,7/30/2020,11:24:41am,38.262174936,-121.507141014,,0.50,Coontail,0.90,Egeria,0.10,,0.00,,0.00,,0.00
73,Egeria,0.50,Watermilfoil,0.30,Coontail,0.20,,0.00,,0.00,0.00,0.00,1.00,XL (>15m),L (10-15m),center,Center,No,High,2.5,4.0,No,7/30/2020,10:53:18am,38.307431104,-121.511202909,,1.00,Egeria,0.80,Coontail,0.20,,0.00,,0.00,,0.00
74,Egeria,0.40,Watermilfoil,0.40,Coontail,0.20,,0.00,,0.00,0.00,0.00,1.00,XL (>15m),XL (>15m),center,Edge,Yes,High,0.0,2.0,No,7/30/2020,10:27:03am,38.292708074,-121.506749974,,1.00,Egeria,1.00,,0.00,,0.00,,0.00,,0.00
75,Algae_mats,0.80,Egeria,0.10,Coontail,0.10,,0.00,,0.00,0.00,0.00,1.00,XL (>15m),XL (>15m),center,Edge,No,High,0.0,3.5,No,7/30/2020,10:16:46am,38.284741096,-121.502722727,,1.00,Coontail,0.90,Egeria,0.10,,0.00,,0.00,,0.00
76,Algae_mats,0.80,Egeria,0.10,Coontail,0.10,,0.00,,0.00,0.00,0.00,1.00,XL (>15m),XL (>15m),center,Edge,No,High,0.0,3.5,No,7/30/2020,10:16:46am,38.283943398,-121.502105750,,1.00,Coontail,0.90,Egeria,0.10,,0.00,,0.00,,0.00
77,Egeria,0.30,Coontail,0.30,Watermilfoil,0.30,,0.00,,0.00,0.00,0.00,0.90,XL (>15m),XL (>15m),center,Center,Yes,High,0.0,1.5,No,7/30/2020,09:59:54am,38.277965072,-121.496135480,,1.00,Coontail,0.80,Egeria,0.20,,0.00,,0.00,,0.00
78,Egeria,0.50,Coontail,0.50,,0.00,,0.00,,0.00,0.00,0.00,1.00,XL (>15m),XL (>15m),center,Edge,Yes,High,1.0,3.5,Yes,7/30/2020,09:51:00am,38.272517608,-121.495703487,,1.00,Egeria,0.50,Coontail,0.50,,0.00,,0.00,,0.00
79,Egeria,0.50,Coontail,0.50,,0.00,,0.00,,0.00,0.00,0.00,1.00,XL (>15m),XL (>15m),center,Edge,Yes,High,1.0,3.5,Yes,7/30/2020,09:51:00am,38.272862876,-121.495741581,,1.00,Egeria,0.50,Coontail,0.50,,0.00,,0.00,,0.00
80,Egeria,0.60,Watermilfoil,0.40,Coontail,0.00,,0.00,,0.00,0.00,0.00,1.00,XL (>15m),M (5-10m),center,Center,Yes,High,2.0,4.0,No,7/30/2020,09:41:43am,38.269166438,-121.496548238,,1.00,Coontail,1.00,,0.00,,0.00,,0.00,,0.00
81,Watermilfoil,0.50,Egeria,0.40,Coontail,0.10,,0.00,,0.00,0.00,0.00,0.90,XL (>15m),M (5-10m),center,Center,Yes,High,0.0,3.0,No,7/30/2020,09:07:33am,38.270073409,-121.472147222,,1.00,Egeria,1.00,,0.00,,0.00,,0.00,,0.00
82,Coontail,0.70,Watermilfoil,0.30,,0.00,,0.00,,0.00,0.00,0.00,1.00,XL (>15m),L (10-15m),center,Center,No,High,0.5,2.5,Yes,7/30/2020,08:22:03am,38.251795068,-121.500337059,,1.00,Coontail,1.00,,0.00,,0.00,,0.00,,0.00
83,Sago_pondweed,0.40,,0.00,,0.00,,0.00,,0.00,0.00,0.60,0.00,XL (>15m),XL (>15m),center,Center,No,Low,0.0,2.5,No,8/25/2020,12:54:38pm,38.056081918,-121.841979302,,0.50,Sago,1.00,,0.00,,0.00,,0.00,,0.00
84,Coontail,0.20,Egeria,0.20,CrlLf_pondweed,0.10,Echinodorus,0.00,,0.00,0.00,0.60,0.00,XL (>15m),XL (>15m),center,Center,No,High,0.0,3.5,No,8/25/2020,11:49:22am,38.098835381,-121.707045421,,0.10,Egeria,1.00,,0.00,,0.00,,0.00,,0.00
85,Egeria,0.30,Coontail,0.20,,0.00,,0.00,,0.00,0.00,0.50,0.00,XL (>15m),XL (>15m),center,Edge,No,Low,0.3,2.5,No,8/25/2020,09:22:54am,38.083810668,-121.714339048,,0.50,Egeria,0.50,Coontail,0.50,,0.00,,0.00,,0.00
86,Egeria,0.80,Coontail,0.10,,0.00,,0.00,,0.00,0.00,0.10,0.00,XL (>15m),XL (>15m),alongside,Edge,No,High,0.0,3.0,No,8/25/2020,09:09:12am,38.083446447,-121.722671893,,1.00,Egeria,1.00,,0.00,,0.00,,0.00,,0.00
87,Egeria,0.80,Coontail,0.10,,0.00,,0.00,,0.00,0.00,0.10,0.00,XL (>15m),XL (>15m),alongside,Edge,No,High,0.0,3.0,No,8/25/2020,09:09:12am,38.083371173,-121.723809033,,1.00,Egeria,1.00,,0.00,,0.00,,0.00,,0.00
88,Egeria,0.80,Coontail,0.10,Watermilfoil,0.00,,0.00,,0.00,0.00,0.00,0.20,XL (>15m),XL (>15m),center,Center,Yes,High,0.0,2.0,Yes,7/21/2020,03:10:43pm,38.040239634,-121.405005932,,0.80,Egeria,0.70,Coontail,0.20,Watermilfoil,0.10,,0.00,,0.00
89,Egeria,1.00,,0.00,,0.00,,0.00,,0.00,0.00,0.00,0.00,XL (>15m),M (5-10m),alongside,Edge,No,High,0.0,3.0,No,7/21/2020,02:53:10pm,38.013862930,-121.384603101,,0.90,Egeria,1.00,,0.00,,0.00,,0.00,,0.00
90,Egeria,0.60,,0.00,,0.00,,0.00,,0.00,0.00,0.00,0.40,XL (>15m),M (5-10m),center,Edge,No,Medium,0.0,3.5,No,7/21/2020,02:25:45pm,38.003644912,-121.402730594,,0.30,Egeria,1.00,,0.00,,0.00,,0.00,,0.00
91,CrlLf_pondweed,0.40,,0.00,,0.00,,0.00,,0.00,0.00,0.00,0.00,M (5-10m),M (5-10m),center,Center,No,High,0.5,2.5,Yes,7/21/2020,02:04:04pm,37.995739947,-121.414139467,,0.50,Curlyleaf,1.00,,0.00,,0.00,,0.00,,0.00
92,Egeria,0.30,Algae,0.00,,0.00,,0.00,,0.00,0.00,0.70,0.30,XL (>15m),XL (>15m),center,Center,No,Low,1.5,1.5,Yes,7/21/2020,01:50:42pm,37.997426071,-121.447018804,,0.10,Egeria,1.00,Algae,0.00,,0.00,,0.00,,0.00
93,Watermilfoil,0.40,CrlLf_pondweed,0.30,Egeria,0.00,,0.00,,0.00,0.00,0.30,0.00,XL (>15m),XL (>15m),alongside,Edge,No,Medium,0.0,3.0,Yes,7/21/2020,01:39:23pm,38.005461733,-121.443587227,,0.30,Egeria,1.00,,0.00,,0.00,,0.00,,0.00
94,CrlLf_pondweed,1.00,Egeria,0.00,Coontail,0.00,Algae,0.00,,0.00,0.00,0.00,0.20,XL (>15m),XL (>15m),center,Edge,No,High,0.0,4.0,No,7/21/2020,12:48:27pm,38.009512448,-121.442963714,,0.40,Curlyleaf,1.00,Egeria,0.00,Coontail,0.00,Algae,0.00,,0.00
95,CrlLf_pondweed,0.70,Egeria,0.30,,0.00,,0.00,,0.00,0.00,0.00,0.00,XL (>15m),XL (>15m),center,Edge,No,High,0.0,3.0,Yes,7/21/2020,12:25:43pm,38.033059988,-121.472495330,,1.00,Egeria,1.00,Algae,0.00,,0.00,,0.00,,0.00
96,Egeria,0.90,CrlLf_pondweed,0.10,,0.00,,0.00,,0.00,0.00,0.00,0.00,XL (>15m),XL (>15m),center,Center,Yes,Medium,0.5,5.0,No,7/21/2020,12:09:17pm,38.027334699,-121.484211299,,1.00,Egeria,1.00,Algae,0.00,,0.00,,0.00,,0.00
97,Egeria,0.80,Coontail,0.20,Algae,0.00,,0.00,,0.00,0.00,0.00,0.30,XL (>15m),XL (>15m),center,Edge,Yes,High,0.5,2.5,Yes,7/21/2020,11:28:12am,38.029835318,-121.481397902,,0.60,Egeria,0.80,Coontail,0.20,Algae,0.00,,0.00,,0.00
98,Algae,1.00,,0.00,,0.00,,0.00,,0.00,0.00,0.00,1.00,XL (>15m),XL (>15m),center,Center,No,Medium,0.0,5.5,Yes,7/21/2020,11:13:11am,38.030338068,-121.487813685,,0.20,Algae,1.00,,0.00,,0.00,,0.00,,0.00
99,Egeria,1.00,Coontail,0.00,Watermilfoil,0.00,,0.00,,0.00,0.00,0.00,0.00,XL (>15m),XL (>15m),center,Center,No,High,0.0,0.5,No,7/21/2020,10:52:34am,38.032721953,-121.489883612,,0.90,Egeria,0.90,Coontail,0.10,Algae,0.00,,0.00,,0.00
100,Egeria,0.40,Algae,0.00,Watermilfoil,0.20,,0.00,,0.00,0.00,0.00,0.00,XL (>15m),XL (>15m),center,Center,No,High,0.0,3.0,No,7/21/2020,10:47:05am,38.032478149,-121.490394323,,0.70,Egeria,0.40,Algae,0.40,Watermilfoil,0.20,,0.00,,0.00
101,Algae,1.00,,0.00,,0.00,,0.00,,0.00,0.00,0.00,1.00,XL (>15m),XL (>15m),center,Center,No,High,4.5,4.5,No,7/21/2020,10:42:18am,38.032580310,-121.487555710,,0.70,Algae,1.00,,0.00,,0.00,,0.00,,0.00
102,Algae,0.90,,0.00,,0.00,,0.00,,0.00,0.00,0.00,1.00,XL (>15m),XL (>15m),center,Center,Yes,High,4.5,4.5,No,7/21/2020,10:28:16am,38.032760008,-121.487351634,,1.00,Algae,1.00,,0.00,,0.00,,0.00,,0.00
103,Watermilfoil,0.40,,0.00,,0.00,,0.00,,0.00,0.00,0.00,1.00,L (10-15m),M (5-10m),center,Center,No,Medium,0.5,2.5,Yes,7/21/2020,10:00:42am,38.051527271,-121.455163079,,0.10,Watermilfoil,0.40,,0.00,,0.00,,0.00,,0.00
104,Egeria,0.10,,0.00,,0.00,,0.00,,0.00,0.00,0.00,0.00,S (3-5m),S (3-5m),center,Center,Yes,Low,0.0,3.0,Yes,7/21/2020,09:36:28am,38.050716981,-121.448404601,,0.10,Egeria,1.00,,0.00,,0.00,,0.00,,0.00
105,Egeria,0.30,,0.00,,0.00,,0.00,,0.00,0.00,0.00,0.00,S (3-5m),S (3-5m),center,Center,Yes,Low,6.0,6.0,No,7/21/2020,09:19:05am,38.044342362,-121.447009448,,0.10,Egeria,1.00,,0.00,,0.00,,0.00,,0.00
106,Coontail,0.80,Egeria,0.20,,0.00,,0.00,,0.00,0.00,0.00,0.00,S (3-5m),S (3-5m),center,Center,Yes,Medium,4.0,4.0,No,7/21/2020,09:00:19am,38.042690433,-121.437386455,,0.40,Coontail,0.80,Egeria,0.20,,0.00,,0.00,,0.00
107,Sago_pondweed,0.50,,0.00,,0.00,,0.00,,0.00,0.00,0.00,0.30,S (3-5m),XL (>15m),center,Center,No,Medium,0.0,2.5,No,7/22/2020,08:48:31am,38.051750916,-121.793054805,,1.00,Sago,1.00,,0.00,,0.00,,0.00,,0.00
108,Egeria,0.90,CrlLf_pondweed,0.10,,0.00,,0.00,,0.00,0.00,0.00,0.00,L (10-15m),L (10-15m),center,Center,No,High,3.0,3.0,No,7/22/2020,08:56:46am,38.053827398,-121.788638253,,1.00,Egeria,0.90,Curlyleaf,0.10,,0.00,,0.00,,0.00
109,Sago_pondweed,0.50,,0.00,,0.00,,0.00,,0.00,0.00,0.00,0.30,S (3-5m),XL (>15m),center,Center,No,Medium,0.0,2.5,No,7/22/2020,08:48:31am,38.052222693,-121.794404548,,1.00,Sago,1.00,,0.00,,0.00,,0.00,,0.00
110,Egeria,1.00,Coontail,0.00,,0.00,,0.00,,0.00,0.00,0.00,0.00,XL (>15m),XL (>15m),alongside,Edge,No,High,0.0,5.5,No,7/22/2020,01:22:27pm,38.021671441,-121.733640211,,1.00,Egeria,1.00,,0.00,,0.00,,0.00,,0.00
111,Egeria,1.00,Coontail,0.00,,0.00,,0.00,,0.00,0.00,0.00,0.00,XL (>15m),XL (>15m),alongside,Edge,No,High,0.0,5.5,No,7/22/2020,01:22:27pm,38.021490726,-121.733079860,,1.00,Egeria,1.00,,0.00,,0.00,,0.00,,0.00
112,Egeria,1.00,Coontail,0.00,,0.00,,0.00,,0.00,0.00,0.00,0.00,XL (>15m),XL (>15m),alongside,Center,No,High,0.0,2.0,No,7/22/2020,01:01:44pm,38.026283657,-121.700368179,,0.70,Egeria,0.90,Coontail,0.10,,0.00,,0.00,,0.00
113,Egeria,1.00,Coontail,0.00,,0.00,,0.00,,0.00,0.00,0.00,0.00,XL (>15m),XL (>15m),alongside,Center,No,High,0.0,2.0,No,7/22/2020,01:01:44pm,38.026674168,-121.699404857,,0.70,Egeria,0.90,Coontail,0.10,,0.00,,0.00,,0.00
114,Egeria,1.00,Coontail,0.00,,0.00,,0.00,,0.00,0.00,0.00,0.00,XL (>15m),XL (>15m),alongside,Center,No,High,0.0,2.0,No,7/22/2020,01:01:44pm,38.026582157,-121.700017189,,0.70,Egeria,0.90,Coontail,0.10,,0.00,,0.00,,0.00
115,Egeria,0.60,Coontail,0.40,,0.00,,0.00,,0.00,0.00,0.00,0.80,XL (>15m),L (10-15m),center,Edge,No,High,0.0,3.5,No,7/22/2020,12:31:49pm,38.003529738,-121.669051666,,1.00,Coontail,0.80,Egeria,0.20,,0.00,,0.00,,0.00
116,Sago_pondweed,0.40,Elodea,0.40,S_naiad,0.10,Rich_pondweed,0.10,Coontail,0.00,0.00,0.00,0.50,XL (>15m),XL (>15m),center,Center,No,High,0.0,1.5,No,7/22/2020,12:02:59pm,38.012307316,-121.691724856,,1.00,Elodea,0.90,Sago,0.10,Coontail,0.00,Curlyleaf,0.00,,0.00
117,Sago_pondweed,0.40,Elodea,0.40,S_naiad,0.10,Rich_pondweed,0.10,CrlLf_pondweed,0.00,0.00,0.00,0.50,XL (>15m),XL (>15m),center,Center,No,High,0.0,1.5,No,7/22/2020,12:02:59pm,38.012527711,-121.692802036,,1.00,Elodea,0.90,Sago,0.10,Coontail,0.00,Curlyleaf,0.00,,0.00
118,Sago_pondweed,0.40,Elodea,0.40,S_naiad,0.10,Rich_pondweed,0.10,Coontail,0.00,0.00,0.00,0.50,XL (>15m),XL (>15m),center,Center,No,High,0.0,1.5,No,7/22/2020,12:02:59pm,38.012197085,-121.692536875,,1.00,Elodea,0.90,Sago,0.10,Coontail,0.00,Curlyleaf,0.00,,0.00
119,Elodea,0.40,Rich_pondweed,0.40,Sago_pondweed,0.20,CrlLf_pondweed,0.00,,0.00,0.00,0.00,0.00,XL (>15m),XL (>15m),center,Center,Yes,High,0.0,1.5,No,7/22/2020,11:42:14am,38.011094080,-121.699846571,,1.00,Elodea,0.50,Rich_pondweed,0.50,,0.00,,0.00,,0.00
120,Elodea,0.40,Rich_pondweed,0.40,Sago_pondweed,0.20,CrlLf_pondweed,0.00,,0.00,0.00,0.00,0.00,XL (>15m),XL (>15m),center,Center,Yes,High,0.0,1.5,No,7/22/2020,11:42:14am,38.012210468,-121.700358262,,1.00,Elodea,0.50,Rich_pondweed,0.50,,0.00,,0.00,,0.00
121,Elodea,0.40,Rich_pondweed,0.40,Sago_pondweed,0.20,CrlLf_pondweed,0.00,,0.00,0.00,0.00,0.00,XL (>15m),XL (>15m),center,Center,Yes,High,0.0,1.5,No,7/22/2020,11:42:14am,38.011697290,-121.700469341,,1.00,Elodea,0.50,Rich_pondweed,0.50,,0.00,,0.00,,0.00
122,Elodea,0.60,Sago_pondweed,0.40,,0.00,,0.00,,0.00,0.00,0.00,0.30,XL (>15m),XL (>15m),center,Center,Yes,Low,0.0,2.5,No,7/22/2020,11:33:27am,38.012686383,-121.704310659,,1.00,Sago,0.50,Elodea,0.50,Algae,0.00,,0.00,,0.00
123,Elodea,0.60,Sago_pondweed,0.40,,0.00,,0.00,,0.00,0.00,0.00,0.30,XL (>15m),XL (>15m),center,Center,Yes,Low,0.0,2.5,No,7/22/2020,11:33:27am,38.013219758,-121.704829642,,1.00,Sago,0.50,Elodea,0.50,Algae,0.00,,0.00,,0.00
124,Elodea,0.60,Sago_pondweed,0.40,,0.00,,0.00,,0.00,0.00,0.00,0.30,XL (>15m),XL (>15m),center,Center,Yes,Low,0.0,2.5,No,7/22/2020,11:33:27am,38.012874788,-121.705118929,,1.00,Sago,0.50,Elodea,0.50,Algae,0.00,,0.00,,0.00
125,Coontail,0.80,Elodea,0.20,,0.00,,0.00,,0.00,0.00,0.00,0.00,XL (>15m),XL (>15m),center,Center,Yes,Low,0.0,3.0,Yes,7/22/2020,11:13:45am,38.008005243,-121.709923123,,0.50,Coontail,0.80,Elodea,0.20,,0.00,,0.00,,0.00
126,Sago_pondweed,1.00,CrlLf_pondweed,0.00,,0.00,,0.00,,0.00,0.00,0.00,0.00,XL (>15m),XL (>15m),center,Center,No,Medium,0.0,3.0,Yes,7/22/2020,11:04:01am,38.006856517,-121.711374301,,0.80,Sago,1.00,,0.00,,0.00,,0.00,,0.00
127,Sago_pondweed,1.00,CrlLf_pondweed,0.00,,0.00,,0.00,,0.00,0.00,0.00,0.00,XL (>15m),XL (>15m),center,Center,No,Medium,0.0,3.0,Yes,7/22/2020,11:04:01am,38.007076626,-121.712111940,,0.80,Sago,1.00,,0.00,,0.00,,0.00,,0.00
128,Elodea,0.80,Egeria,0.10,Coontail,0.10,,0.00,,0.00,0.00,0.00,0.00,XL (>15m),XL (>15m),center,Center,Yes,High,1.0,3.5,No,7/22/2020,10:41:58am,38.011347505,-121.721701852,,1.00,Elodea,0.80,Egeria,0.10,Coontail,0.10,,0.00,,0.00
129,Egeria,0.70,Watermilfoil,0.20,Coontail,0.10,CrlLf_pondweed,0.00,,0.00,0.00,0.00,0.00,S (3-5m),S (3-5m),center,Center,No,High,0.5,3.0,Yes,7/22/2020,10:01:14am,38.018739579,-121.732081651,,1.00,Egeria,1.00,,0.00,,0.00,,0.00,,0.00
130,Watermilfoil,0.70,Egeria,0.30,Coontail,0.00,,0.00,,0.00,0.00,0.00,0.00,XL (>15m),XL (>15m),center,Edge,No,High,0.0,4.0,Yes,7/22/2020,09:41:21am,38.018587939,-121.738949238,,1.00,Egeria,0.80,Coontail,0.10,Watermilfoil,0.10,Algae,0.00,,0.00
131,Egeria,0.70,Watermilfoil,0.20,EMR_Tule,0.10,,0.00,,0.00,0.00,0.00,0.00,L (10-15m),L (10-15m),center,Center,No,High,0.0,3.0,Yes,7/22/2020,09:25:02am,38.018575697,-121.739703868,,1.00,Watermilfoil,0.50,Egeria,0.50,,0.00,,0.00,,0.00
132,Watermilfoil,0.30,Am_pondweed,0.20,Egeria,0.20,,0.00,,0.00,0.00,0.00,0.00,XL (>15m),M (5-10m),center,Center,No,Medium,0.0,4.0,No,7/22/2020,09:18:27am,38.017779676,-121.739347023,,0.20,Watermilfoil,1.00,,0.00,,0.00,,0.00,,0.00
133,Watermilfoil,0.60,CrlLf_pondweed,0.20,,0.00,,0.00,,0.00,0.00,0.00,0.80,XL (>15m),XL (>15m),center,Center,Yes,Medium,0.5,2.0,Yes,7/22/2020,09:01:33am,38.017205783,-121.738409782,,0.30,Watermilfoil,1.00,,0.00,,0.00,,0.00,,0.00
134,CrlLf_pondweed,1.00,,0.00,,0.00,,0.00,,0.00,0.00,0.00,0.40,XL (>15m),M (5-10m),center,Center,No,Medium,0.0,3.8,No,7/22/2020,08:40:51am,38.014368843,-121.732506444,,0.30,Curlyleaf,1.00,Algae,0.00,,0.00,,0.00,,0.00
135,Egeria,1.00,,0.00,,0.00,,0.00,,0.00,0.00,0.00,0.00,XL (>15m),XL (>15m),center,Edge,No,High,0.0,4.0,No,7/23/2020,12:02:41pm,38.232529236,-121.672736438,,1.00,Egeria,1.00,,0.00,,0.00,,0.00,,0.00
136,Egeria,0.90,Coontail,0.10,,0.00,,0.00,,0.00,0.00,0.00,0.00,XL (>15m),L (10-15m),alongside,Center,No,Low,3.0,5.5,No,7/23/2020,11:13:48am,38.281038168,-121.710080990,,1.00,Egeria,0.90,Coontail,0.10,,0.00,,0.00,,0.00
137,Egeria,0.70,Coontail,0.30,Elodea,0.00,Algae,0.00,,0.00,0.00,0.00,1.00,XL (>15m),XL (>15m),center,Edge,No,High,0.0,3.0,No,7/23/2020,10:49:19am,38.273245532,-121.702418219,,1.00,Egeria,0.70,Coontail,0.30,Elodea,0.00,Algae,0.00,,0.00
138,Coontail,0.50,Egeria,0.50,,0.00,,0.00,,0.00,0.00,0.00,0.30,XL (>15m),XL (>15m),center,Center,No,High,0.0,4.0,No,7/23/2020,10:40:58am,38.271054540,-121.700679362,,1.00,Coontail,0.90,Egeria,0.10,,0.00,,0.00,,0.00
139,Coontail,0.50,Egeria,0.30,Elodea,0.20,Algae,0.00,,0.00,0.00,0.00,0.00,XL (>15m),XL (>15m),center,Center,No,High,3.5,3.5,No,7/23/2020,10:23:30am,38.273173060,-121.696492525,,1.00,Coontail,0.50,Egeria,0.30,Elodea,0.20,Algae,0.00,,0.00
140,Egeria,0.80,Coontail,0.20,Algae,0.00,,0.00,,0.00,0.00,0.00,1.00,XL (>15m),XL (>15m),center,Center,No,High,2.0,4.0,No,7/23/2020,10:02:31am,38.276000085,-121.697510003,,1.00,Egeria,0.80,Coontail,0.20,Algae,0.00,,0.00,,0.00
141,Egeria,1.00,,0.00,,0.00,,0.00,,0.00,0.00,0.00,0.00,XL (>15m),XL (>15m),center,Center,No,High,0.0,5.0,Yes,7/23/2020,09:55:47am,38.274645100,-121.703566610,,0.50,Egeria,1.00,,0.00,,0.00,,0.00,,0.00
142,Coontail,0.90,CrlLf_pondweed,0.10,,0.00,,0.00,,0.00,0.00,0.00,0.00,XL (>15m),XL (>15m),center,Center,No,High,2.0,3.5,No,7/23/2020,09:32:43am,38.252717881,-121.690677291,,0.30,Coontail,0.90,Curlyleaf,0.10,,0.00,,0.00,,0.00
143,Coontail,0.90,Egeria,0.10,Algae,0.00,,0.00,,0.00,0.00,0.00,0.00,XL (>15m),XL (>15m),center,Center,No,High,2.0,4.0,No,7/23/2020,09:27:39am,38.248027363,-121.691680697,,0.90,Coontail,0.90,Egeria,0.10,Algae,0.00,,0.00,,0.00
144,Egeria,1.00,Coontail,0.00,,0.00,,0.00,,0.00,0.00,0.00,0.00,XL (>15m),XL (>15m),center,Center,No,High,0.0,3.5,No,7/23/2020,09:21:21am,38.244939302,-121.692509122,,1.00,Egeria,1.00,Algae,0.00,,0.00,,0.00,,0.00
145,Cabomba,1.00,,0.00,,0.00,,0.00,,0.00,0.00,0.00,0.80,XL (>15m),XL (>15m),center,Center,No,High,1.5,1.5,No,7/23/2020,08:58:48am,38.242278282,-121.663388807,,0.30,Cabomba,1.00,,0.00,,0.00,,0.00,,0.00
146,Egeria,1.00,,0.00,,0.00,,0.00,,0.00,0.00,0.00,1.00,XL (>15m),XL (>15m),center,Center,No,High,0.0,2.5,No,7/28/2020,11:39:40am,38.073130656,-121.453958318,,1.00,Egeria,0.90,Algae,0.10,,0.00,,0.00,,0.00
147,Egeria,0.20,,0.00,,0.00,,0.00,,0.00,0.00,0.00,0.00,XL (>15m),XL (>15m),center,Center,Yes,Low,0.0,5.5,No,7/28/2020,11:17:39am,38.079351027,-121.448749712,,0.20,Egeria,1.00,,0.00,,0.00,,0.00,,0.00
148,Egeria,0.90,Coontail,0.10,CrlLf_pondweed,0.00,,0.00,,0.00,0.00,0.00,0.90,XL (>15m),XL (>15m),center,Center,No,High,1.5,4.0,No,7/28/2020,10:56:07am,38.080372732,-121.445186712,,0.70,Egeria,1.00,Algae,0.00,,0.00,,0.00,,0.00
149,Egeria,1.00,,0.00,,0.00,,0.00,,0.00,0.00,0.30,0.00,XL (>15m),XL (>15m),center,Center,Yes,High,0.5,3.0,Yes,7/28/2020,10:05:46am,38.085262089,-121.430105192,,1.00,Egeria,1.00,Algae,0.00,,0.00,,0.00,,0.00
150,Coontail,0.80,Egeria,0.20,,0.00,,0.00,,0.00,0.00,0.00,0.80,XL (>15m),XL (>15m),center,Center,Yes,High,0.5,5.0,No,7/28/2020,09:26:58am,38.086791251,-121.421208088,,0.90,Coontail,0.90,Egeria,0.10,Algae,0.00,,0.00,,0.00
151,Egeria,0.90,Coontail,0.10,,0.00,,0.00,,0.00,0.00,0.00,0.00,XL (>15m),XL (>15m),center,Edge,No,High,1.5,3.0,No,7/28/2020,08:37:10am,38.080546819,-121.415906096,,1.00,Coontail,0.90,Egeria,0.10,,0.00,,0.00,,0.00
152,Egeria,1.00,Coontail,0.00,,0.00,,0.00,,0.00,0.00,0.00,0.00,XL (>15m),XL (>15m),center,Center,No,High,0.5,3.5,No,7/28/2020,08:27:43am,38.072492082,-121.417899764,,1.00,Egeria,0.90,Coontail,0.10,,0.00,,0.00,,0.00
153,Egeria,0.70,,0.00,,0.00,,0.00,,0.00,0.00,0.20,0.80,XL (>15m),XL (>15m),alongside,Edge,No,Medium,0.5,2.0,Yes,7/28/2020,08:10:20am,38.051361120,-121.418839611,,0.50,Egeria,1.00,,0.00,,0.00,,0.00,,0.00
154,Egeria,0.30,Watermilfoil,0.30,Coontail,0.10,Coontail,0.10,,0.00,0.00,0.30,1.00,XL (>15m),XL (>15m),center,Center,No,Medium,0.0,3.0,Yes,7/28/2020,01:29:04pm,38.086921115,-121.479454723,,0.30,Watermilfoil,0.80,Coontail,0.20,,0.00,,0.00,,0.00
155,Watermilfoil,0.60,,0.00,,0.00,,0.00,,0.00,0.00,0.40,0.00,XL (>15m),M (5-10m),center,Center,No,Medium,0.0,3.0,Yes,7/28/2020,01:05:05pm,38.085230510,-121.473659728,hibiscus,0.70,Watermilfoil,1.00,,0.00,,0.00,,0.00,,0.00
156,Coontail,0.30,Cabomba,0.00,,0.00,,0.00,,0.00,0.00,0.00,0.00,S (3-5m),S (3-5m),center,Center,Yes,Low,4.0,4.0,No,7/28/2020,12:24:26pm,38.074298802,-121.466386565,,0.30,Cabomba,0.90,Coontail,0.10,,0.00,,0.00,,0.00
157,Egeria,0.90,Sago_pondweed,0.00,Watermilfoil,0.00,,0.00,,0.00,0.00,0.00,0.00,XL (>15m),XL (>15m),center,Center,Yes,High,2.0,2.0,No,7/29/2020,12:01:09pm,38.007191800,-121.570143346,,0.70,Egeria,0.90,Watermilfoil,0.10,Algae,0.00,,0.00,,0.00
158,Egeria,0.90,Coontail,0.10,,0.00,,0.00,,0.00,0.00,0.00,0.00,XL (>15m),XL (>15m),center,Center,No,High,2.5,2.5,No,7/29/2020,11:50:02am,38.005453825,-121.565043453,,0.60,Egeria,0.90,Coontail,0.10,,0.00,,0.00,,0.00
159,Egeria,0.40,,0.00,,0.00,,0.00,,0.00,0.00,0.60,0.00,L (10-15m),S (3-5m),center,Edge,Yes,Low,1.0,1.5,Yes,7/29/2020,10:58:13am,37.972265965,-121.580153368,,0.10,Egeria,1.00,,0.00,,0.00,,0.00,,0.00
160,Algae,0.60,,0.00,,0.00,,0.00,,0.00,0.00,0.00,1.00,XL (>15m),XL (>15m),center,Center,No,Low,3.0,3.0,Yes,7/29/2020,09:42:48am,37.999309405,-121.622050185,,0.10,Algae,1.00,,0.00,,0.00,,0.00,,0.00
161,Egeria,1.00,,0.00,,0.00,,0.00,,0.00,0.00,0.00,0.00,XL (>15m),S (3-5m),alongside,Center,Yes,High,1.0,10.0,No,7/29/2020,09:21:35am,38.010651354,-121.616187739,,1.00,Egeria,1.00,,0.00,,0.00,,0.00,,0.00
162,Algae_mats,0.80,Rich_pondweed,0.10,Coontail,0.00,Coontail,0.00,Elodea,0.00,0.00,0.00,0.90,XL (>15m),XL (>15m),center,Center,Yes,High,0.0,2.5,No,7/29/2020,08:34:24am,38.023276973,-121.602951220,,1.00,Elodea,0.80,Coontail,0.10,Algae,0.10,,0.00,,0.00
163,Coontail,0.20,Egeria,0.00,,0.00,,0.00,,0.00,0.00,0.80,0.00,XL (>15m),XL (>15m),center,Center,Yes,Low,0.0,6.0,No,7/30/2020,11:41:20am,38.140254981,-121.480955740,,0.10,Coontail,1.00,,0.00,,0.00,,0.00,,0.00
164,Coontail,0.20,Egeria,0.00,,0.00,,0.00,,0.00,0.00,0.80,0.00,XL (>15m),XL (>15m),center,Center,Yes,Low,0.0,6.0,No,7/30/2020,11:41:20am,38.140373923,-121.480749786,,0.10,Coontail,1.00,,0.00,,0.00,,0.00,,0.00
165,Egeria,0.90,Coontail,0.20,,0.00,,0.00,,0.00,0.00,0.00,0.90,XL (>15m),M (5-10m),center,Edge,Yes,High,0.0,3.0,Yes,7/30/2020,11:14:15am,38.144471308,-121.493697764,,1.00,Egeria,0.40,,0.00,,0.00,,0.00,,0.00
166,Egeria,0.80,Coontail,0.10,Watermilfoil,0.10,,0.00,,0.00,0.00,0.00,0.90,XL (>15m),XL (>15m),center,Edge,No,High,0.0,3.5,No,7/30/2020,11:00:28am,38.141488796,-121.499163182,,1.00,Egeria,1.00,Coontail,0.00,,0.00,,0.00,,0.00
167,Egeria,0.80,Cabomba,0.10,Coontail,0.10,,0.00,,0.00,0.00,0.00,0.80,XL (>15m),XL (>15m),alongside,Center,No,High,0.0,2.5,Yes,7/30/2020,10:40:00am,38.146857881,-121.508204006,,1.00,Egeria,1.00,,0.00,,0.00,,0.00,,0.00
168,Egeria,0.90,Coontail,0.10,,0.00,,0.00,,0.00,0.00,0.00,0.90,XL (>15m),XL (>15m),range-finder,Center,No,High,0.0,2.5,No,7/30/2020,10:27:44am,38.166426716,-121.491994097,,0.60,Egeria,0.80,Algae,0.20,,0.00,,0.00,,0.00
169,Egeria,0.90,Coontail,0.10,,0.00,,0.00,,0.00,0.00,0.00,0.90,XL (>15m),XL (>15m),range-finder,Center,No,High,0.0,2.5,No,7/30/2020,10:27:44am,38.165889065,-121.491718265,,0.60,Egeria,0.80,Algae,0.20,,0.00,,0.00,,0.00
170,Egeria,0.90,,0.00,,0.00,,0.00,,0.00,0.00,0.00,0.80,XL (>15m),XL (>15m),center,Edge,No,High,0.0,4.5,No,7/30/2020,10:15:28am,38.167131897,-121.485860288,,1.00,Egeria,1.00,Algae,0.10,,0.00,,0.00,,0.00
171,Watermilfoil,0.40,CrlLf_pondweed,0.00,,0.00,,0.00,,0.00,0.00,0.60,0.00,XL (>15m),S (3-5m),alongside,Center,Yes,Medium,0.0,3.5,No,7/30/2020,09:58:29am,38.172504289,-121.447911951,,0.10,Curlyleaf,0.00,,0.00,,0.00,,0.00,,0.00
172,Egeria,1.00,Watermilfoil,0.10,CrlLf_pondweed,0.00,Algae_mats,0.30,,0.00,0.00,0.00,0.00,XL (>15m),XL (>15m),alongside,Edge,No,High,0.0,2.0,Yes,7/30/2020,09:54:06am,38.170388892,-121.454064189,,1.00,Egeria,1.00,,0.00,,0.00,,0.00,,0.00
173,Watermilfoil,0.30,Egeria,0.30,,0.00,,0.00,,0.00,0.00,0.00,0.50,XL (>15m),M (5-10m),center,Center,Yes,Low,0.0,1.5,Yes,7/30/2020,09:19:08am,38.175069774,-121.496893160,,0.60,Egeria,1.00,,0.00,,0.00,,0.00,,0.00
174,Watermilfoil,0.40,Water,0.60,,0.00,,0.00,,0.00,0.00,0.00,0.00,XL (>15m),L (10-15m),center,Edge,No,Low,0.0,2.5,Yes,7/30/2020,09:09:38am,38.178246834,-121.495674166,,0.60,Watermilfoil,1.00,,0.00,,0.00,,0.00,,0.00
175,Cabomba,1.00,Algae_mats,1.00,Coontail,0.00,,0.00,,0.00,0.00,0.00,0.00,XL (>15m),XL (>15m),alongside,Edge,No,High,0.0,3.5,No,7/30/2020,08:30:52am,38.198041933,-121.460685767,,1.00,Coontail,1.00,Algae,0.00,,0.00,,0.00,,0.00
176,Cabomba,1.00,Algae_mats,1.00,Coontail,0.00,,0.00,,0.00,0.00,0.00,0.00,XL (>15m),XL (>15m),alongside,Edge,No,High,0.0,3.5,No,7/30/2020,08:30:52am,38.197381799,-121.461984908,,1.00,Coontail,1.00,Algae,0.00,,0.00,,0.00,,0.00
177,Cabomba,1.00,Algae_mats,1.00,Coontail,0.00,,0.00,,0.00,0.00,0.00,0.00,XL (>15m),XL (>15m),alongside,Edge,No,High,0.0,3.5,No,7/30/2020,08:30:52am,38.197739545,-121.460900237,,1.00,Coontail,1.00,Algae,0.00,,0.00,,0.00,,0.00
178,Coontail,0.80,Cabomba,0.00,Egeria,0.00,,0.00,,0.00,0.00,0.20,0.00,XL (>15m),M (5-10m),center,Center,No,High,0.0,4.5,No,7/30/2020,08:21:38am,38.194474448,-121.471621748,,1.00,Coontail,1.00,,0.00,,0.00,,0.00,,0.00
179,Coontail,0.80,Cabomba,0.00,Egeria,0.00,,0.00,,0.00,0.00,0.20,0.00,XL (>15m),M (5-10m),center,Center,No,High,0.0,4.5,No,7/30/2020,08:21:38am,38.194397052,-121.471265543,,1.00,Coontail,1.00,,0.00,,0.00,,0.00,,0.00
